16740563122943576052431194226138345549241
18440619829074795922565800685531638181305
65387612121894149710060316955199057337
255562336715961455012800824961838521
18440619829074795922565872744237955198393
18440619829074795922565800685557307321785
4287621865991253439720670412401410610736569
1097023453386541258844743846725614452533733297
1097024474254370011368563920202255271853206968
255562178263291537926256893912329657
18440619829074795922565800685548700609977
65387612121894149710131530141335727545
69406369630412198620539230130406468793
65387612121894149710131530128585043385
1097109544846059681165213015493752577839443120
72033671207323421572522658932149890489
4285584159473555469422385793949015554567609
4287621865991253439720670412402518594858425
65387612121894149710060316980851420601
65387612121894149710131530150026325433
280949246457371876856602963173784483302665202864
18440619829074795922565800685531537518009
16739218318137060246757457018463078427824
17079542223432242016639652566013772475832
4287621865991253439720670412401449248665017
4287621865991253439720670484459030284250553
1119324879175665163206195750707780819265562041
4549296389316490216193730900682907742020799
72033671207323421572522658949463977401
17087465790210817639687954930129468763312
72033671207323421572522658936579075513
65423917635402633709049705049205943737
4287621865991253439720670484459017432903097
72033671207323421572522658953758944697
65387713531785477288781606312829693369
16739254664532905098324179438961250444479
16739254664137082185928091214994224098745
4636068372051294866271773982818308178160816
255562178263291537925975444671868345
18440619829074795922565800685531487186361
4287288229825155253934565428735578575842480
16740563122944807947841164520492867628208
4285584159473555469422385793947946007047609
1142057788291823934840243493124363896513735856
4285586817929389511412503126593151229273529
65387713531785477288781887779317132729
4287625853695441809519061484060590287269305
4285584159473555469422385793949028439469497
4636068372112537300177473827325306768829616
1119409949772587694985217394403934710864129200
18440619829074795922565800685557374430649
4636068372051452396550180097560980035314365
18440619829074795922565800685527225773497
1097457993974108893979558268884666199929629872
1142057788286793897256105860121101264770149552
18440619829074795922529195427764514762169
4461163235495288661156663516090393852226736
18440619829074795922565800685548784496057
71900171129671592925870187921009569604713589154992
1208524461144187027464361689881898471307388345
18109642078564598828818040966328315653296
18109642078325985924024142140754920317629
16740563122943576052431194226134201576889
1186833503260809548845414410184380853531552944
4636068372112537300177400039506786023746736
72033671207323421572522658927888477625
65423917635402633671941729692490051001
1097109544825311171354220378297739315144928432
17087465790210817639595722336760339475632
260632939110867614109848021777427897
280860043480591278378289696281137725790216168624
1097022432539379252656117319981500160880455097
4636068372051452396550180025503385997386429
1119324879191221771368574526831428469518280123
1097022772821624479133318002273456580320077241
16745880034928265558823842794954254101945
1097109544825311171354220341405943316120972464
16748522914663074220017082792486298627513
4636068372051294866271773912445165953985712
16739254664137082185928163271497306779065
4461163235495288661156645069355116235697328
280838178292814034273853538680278419753287658672
1097110225389963883592751587832038691132450233
18109642078325370571374117127002524331184
4285249194120027555896066213925738342687935
4374391242293969315741226923554533729217712
1097632218540901970518615888006761917822053809
1208437348847931520723388124590787655220374961
4374391226839089173496125910926021651113401
18440619829074795922565800685548717387193
70745981745783116045835207505346668465
1097109544846059681166412496650768012878130352
255562178263291537925975431870852537
4285243877106633293028438046091192637697200
1097457993974108893979562991251997892551486640
4286945288961362867107649488111145721638064
65423917635402633709049706135799115193
16739254664137082185928163271510208458169
286568772910564669206702725200039404076672855216
4461163235495367889309843727935486456081584
1097024474254370011374599104854748629657890232
4636068372051452396550180026066335950807741
18110971326682798079505768150347727613104
4284220428786522208568677373973716856382640
16739218318058754508903610138203907599801
16739233895026708605137056226644819226041
280837916955961411007876822363367151151893556400
1097631878258413434351911344302751900011374009
72033671207323421572522940432896404921
4287621865991253439720670412402518645190073
1186833503260809548845395520647241703401041072
4285584159473555469422385793947950318792121
4374391242293969315745949217695035824909488
17080829912975790985767332009556241460665
18109642078325370571374117124803501075632
1142057788286793897256101137754617295613308080
1097545786835219462603651948034505413153631408
72033671207323421572522658936428080569
1097024474254370011368563920274875815844556216
280837481394542177364871580729363285179793319088
1119322497173115662060861907808735864985529785
1119410290028993447308134699440443487066631344
18439290601076851869716677659106810113200
72033671207323421572522658962214661561
18440619829311861449422501928798473267121
1142057788286793897256101137824992636860738736
65423917635402633709049706135899778489
72033671207323421572522658949447200185
1097545786835219462603661392767473351467314352
18109642078325370571374117970327942835376
1097109544825311646723190630837103437529328816
280860217699830754199744382872807788674726012345
280860043480591278378288487336942580256439706800
65423917635402633709049706148767903161
286568772910564669206702725200037716326324219056
16735236049947352377221395992084946201776
286568947135136532727504289809472253735081127353
280837916955961411007876822363366864179358706864
65387612120664672169525798705169541041
17430406552041503845552988025250216387761
16748538490997819568433834203603918302649
1097023113109204533937038636885834157216802233
4285584159473555469422385793947937450667449
16739223510432684468360798769439249706425
1097109544825311171354220378299152187586620592
280971721429816182426534898696833385737958368432
4287282912892968932862863846714057157094576
280837916955961411007876827085805683918995303600
18440619829074795922565800685552978800057
1097110225389923714921586633094468336883901881
1097110225389923714922828615549553621310940601
17430406552039027951270424048668109745593
1097110225389923714914333114852132199373776313
65403108197265710621093498244938900913
65387713531785477288781887779333909945
16740563122943576052431194507634880982457
1097109544846059681165194126098194241482763440
18109642078325370571374117121504966192304
4287624524447245009585453907155946171903152
17430406552041503845552988025250216256689
1097110225389943363508350523586363644102878649
1097109544846059681165189403659931954241449136
4287621865991253439720670484459017516789177
280860043475248465521018276659039741188829195440
4285584159473555469422385793949015487458745
65387591837321777748362095198932217273
17078181841575470806097538016435317157305
16739254664137082185928163271501517860281
1097024133956304821382240403916304586788940976
4286945288941239223281090284762133877009841
1097109544825271081903997605277575969103260848
16739254664137082185928091215007025114553
298098084971821559831722803154370787551528395194
66747913243011006404670791498919947440
4372693786949798586766764238362926301359545
4287625853695441809519061484059490674978233
65387612121894149710060316980884975033
72033671207323421572522658962248215993
280971721429821374721854470956526809183951168688
1142057788286793897254925268500391550048119984
16748538490997819568433833922133219782073
4287288229825155253934546982830432238283952
280838178291484806278079498417385217838818110640
4287621865991253439720670412401440641953209
280860043475279659866680421566443631268527189168
1097110225389943363505890170720562478984504761
1119409949772587694985217394403933611352501424
1186833503260809548845404965451415114241125552
1097457993974108893979558268885517221929528496
18440619829074795922565872744229382041017
1097109544825189318441477643201059578962357424
18110971326682798074783332143158834867376
280837916955961411007876836530538370382332275888
255562178263291537925975444688645561
1097457993974108893979558268884676095534279856
4286945288941635983058903755502770727857593
18439290601317314468829623532095657258417
260592374291617901704368071929146809
16740573507776207096577544849527767477688
255399998208537763771579107864391096
4285584159473555469422385721890317676490169
1119409609464219595209152199407554267839966398
303829376833458785695149275248684660058423995832
1097545786835239745007244027173932848489540784
4285242548020771914088292542826821414661296
280837916955961411007876836530467720163177901232
280860043475269396967423386951059448061063505072
16739223510432684468360798769439182597561
1186833503260809548845400243085494095037705392
65387612121894149710060316989474909625
16748538491075500320176411729024084127161
4285584159473555469422385793949028355583417
1119409949782891158755586914174512068445646265
1119409269176761551784142308833063636467492281
71894506740726121218016467733966255083233426449584
16739223510432684468360798768348177018297
255562178263291537925975436199374265
4636068372112537300177400041194536372382896
1097544425700600046812902588986787277539224752
